{"wall_time": 1784868812.4014282, "monotonic_time": 42934.093, "state": "INIT", "iteration": 0, "track_id": null, "detail": "dynamic transform and safety config loaded"}
{"wall_time": 1784868812.4024334, "monotonic_time": 42934.093, "state": "SEARCH", "iteration": 0, "track_id": null, "detail": "waiting for stable tracked target"}
{"wall_time": 1784868812.403753, "monotonic_time": 42934.093, "state": "TRACK_STABLE", "iteration": 0, "track_id": 1, "detail": "same target stable"}
{"wall_time": 1784868812.403753, "monotonic_time": 42934.093, "state": "DEPTH_LOCK", "iteration": 0, "track_id": 1, "detail": "initial acquisition: collecting consecutive fresh base targets", "depth_lock_frames_required": 2, "depth_lock_max_base_spread_m": 0.015}
{"wall_time": 1784868812.4077272, "monotonic_time": 42934.093, "state": "DEPTH_LOCK", "iteration": 0, "track_id": 1, "frame_timestamp": 42934.095, "frame_monotonic": 42934.095, "frame_age_ms": -2.0000000004074536, "bbox": {"x1": 302, "y1": 191, "x2": 342, "y2": 251, "score": 0.95, "cls": "bottle"}, "raw_pixel": [321.7143403188943, 220.5360777359504], "raw_depth": 0.38905075882844853, "pixel_grasp_point": [321.7143403188943, 220.5360777359504], "depth_observation": {"depth_m": 0.38905075882844853, "valid_count": 100, "valid_ratio": 1.0, "median_m": 0.38905075882844853, "mad_m": 0.0, "iqr_m": 0.0, "near_percentile_m": 0.38905075882844853, "roi": [302, 191, 342, 251], "quality_ok": true, "mode": "synthetic", "pixel_xy": [321.7143403188943, 220.5360777359504], "reason": "", "selected_count": 100, "observation_timestamp": 42934.095, "previous_depth_m": null, "depth_jump_m": null}, "actual_pwms_000_005": [1500, 1909, 1900, 620, 1500, 1500], "missing_pwm_ids": [], "actual_joint_angles": [0.0, -57.68017694329965, 50.40432181937704, -135.842388788266], "T_base_wrist": [[0.7818847457484426, -0.0, 0.6234230059645645, -0.0750883664702568], [0.0, 1.0, 0.0, -0.0], [-0.6234230059645645, 0.0, 0.7818847457484426, 0.19969216688385158], [0.0, 0.0, 0.0, 1.0]], "T_wrist_camera": [[0.0, 0.0, 1.0, -0.08], [-1.0, 0.0, 0.0, 0.0], [0.0, -1.0, 0.0, 0.05], [0.0, 0.0, 0.0, 1.0]], "T_base_camera": [[0.0, -0.6234230059645645, 0.7818847457484426, -0.10646799583190397], [-1.0, 0.0, 0.0, 0.0], [0.0, -0.7818847457484426, -0.6234230059645645, 0.28866024464843887], [0.0, 0.0, 0.0, 1.0]], "T_wrist_tcp_active": [[1.0, 0.0, 0.0, 0.135], [0.0, 1.0, 0.0, 0.0], [0.0, 0.0, 1.0, 0.0], [0.0, 0.0, 0.0, 1.0]], "T_base_tcp_actual": [[0.7818847457484426, 0.0, 0.6234230059645645, 0.030466074205782956], [0.0, 1.0, 0.0, 0.0], [-0.6234230059645645, 0.0, 0.7818847457484426, 0.11553006107863537], [0.0, 0.0, 0.0, 1.0]], "raw_point_camera": [0.013339308039120645, -0.1514490745321285, 0.38905075882844853], "corrected_point_camera": [0.013339308039120645, -0.1514490745321285, 0.38905075882844853], "raw_point_base_surface": [0.2921416951132871, -0.013339308039120645, 0.16453277224120288], "object_center_point": [0.3226790146768985, -0.01436122677717784, 0.15502341916317067], "local_approach_frame": [[0.9990110666201254, 0.04446221733696487, 0.0, 0.3226790146768985], [-0.04446221733696487, 0.9990110666201254, 0.0, -0.01436122677717784], [0.0, -0.0, 1.0, 0.15502341916317067], [0.0, 0.0, 0.0, 1.0]], "object_grasp_point_base": [0.3226790146768985, -0.01436122677717784, 0.19502341916317067], "final_grasp_point_base": [0.3226790146768985, -0.01436122677717784, 0.19502341916317067], "applied_compensation": {"depth_bias_m": 0.0, "camera_point_bias_m": [0.0, 0.0, 0.0], "object_surface_to_grasp_center_m": 0.032, "object_center_axis": "camera_ray", "object_center_axis_base": [0.9542912363628577, -0.03193496056428736, -0.29716728368850714], "motion_approach_axis": "base_horizontal_radial", "motion_approach_axis_base": [0.9990110666201254, -0.04446221733696487, 0.0], "grasp_bias_approach_frame_m": [0.0, 0.0, 0.0], "grasp_height_offset_m": 0.04, "final_insertion_m": 0.0, "target_pixel_offset_px": [0.0, 0.0]}, "compensation_snapshot": {"depth_bias_m": 0.0, "camera_point_bias_m": [0.0, 0.0, 0.0], "object_surface_to_grasp_center_m": 0.032, "object_center_axis": "camera_ray", "object_center_axis_base": [0.9542912363628577, -0.03193496056428736, -0.29716728368850714], "motion_approach_axis": "base_horizontal_radial", "motion_approach_axis_base": [0.9990110666201254, -0.04446221733696487, 0.0], "grasp_bias_approach_frame_m": [0.0, 0.0, 0.0], "grasp_height_offset_m": 0.04, "final_insertion_m": 0.0, "target_pixel_offset_px": [0.0, 0.0]}, "depth_lock_candidate_index": 1, "depth_lock_frames_required": 2, "base_target_spread_m": 0.0, "base_target_spread_limit_m": 0.015}
{"wall_time": 1784868812.4107263, "monotonic_time": 42934.109, "state": "DEPTH_LOCK", "iteration": 0, "track_id": 1, "frame_timestamp": 42934.111, "frame_monotonic": 42934.111, "frame_age_ms": -2.0000000004074536, "bbox": {"x1": 302, "y1": 191, "x2": 342, "y2": 251, "score": 0.95, "cls": "bottle"}, "raw_pixel": [321.7143403188943, 220.5360777359504], "raw_depth": 0.38905075882844853, "pixel_grasp_point": [321.7143403188943, 220.5360777359504], "depth_observation": {"depth_m": 0.38905075882844853, "valid_count": 100, "valid_ratio": 1.0, "median_m": 0.38905075882844853, "mad_m": 0.0, "iqr_m": 0.0, "near_percentile_m": 0.38905075882844853, "roi": [302, 191, 342, 251], "quality_ok": true, "mode": "synthetic", "pixel_xy": [321.7143403188943, 220.5360777359504], "reason": "", "selected_count": 100, "observation_timestamp": 42934.111, "previous_depth_m": null, "depth_jump_m": null}, "actual_pwms_000_005": [1500, 1909, 1900, 620, 1500, 1500], "missing_pwm_ids": [], "actual_joint_angles": [0.0, -57.68017694329965, 50.40432181937704, -135.842388788266], "T_base_wrist": [[0.7818847457484426, -0.0, 0.6234230059645645, -0.0750883664702568], [0.0, 1.0, 0.0, -0.0], [-0.6234230059645645, 0.0, 0.7818847457484426, 0.19969216688385158], [0.0, 0.0, 0.0, 1.0]], "T_wrist_camera": [[0.0, 0.0, 1.0, -0.08], [-1.0, 0.0, 0.0, 0.0], [0.0, -1.0, 0.0, 0.05], [0.0, 0.0, 0.0, 1.0]], "T_base_camera": [[0.0, -0.6234230059645645, 0.7818847457484426, -0.10646799583190397], [-1.0, 0.0, 0.0, 0.0], [0.0, -0.7818847457484426, -0.6234230059645645, 0.28866024464843887], [0.0, 0.0, 0.0, 1.0]], "T_wrist_tcp_active": [[1.0, 0.0, 0.0, 0.135], [0.0, 1.0, 0.0, 0.0], [0.0, 0.0, 1.0, 0.0], [0.0, 0.0, 0.0, 1.0]], "T_base_tcp_actual": [[0.7818847457484426, 0.0, 0.6234230059645645, 0.030466074205782956], [0.0, 1.0, 0.0, 0.0], [-0.6234230059645645, 0.0, 0.7818847457484426, 0.11553006107863537], [0.0, 0.0, 0.0, 1.0]], "raw_point_camera": [0.013339308039120645, -0.1514490745321285, 0.38905075882844853], "corrected_point_camera": [0.013339308039120645, -0.1514490745321285, 0.38905075882844853], "raw_point_base_surface": [0.2921416951132871, -0.013339308039120645, 0.16453277224120288], "object_center_point": [0.3226790146768985, -0.01436122677717784, 0.15502341916317067], "local_approach_frame": [[0.9990110666201254, 0.04446221733696487, 0.0, 0.3226790146768985], [-0.04446221733696487, 0.9990110666201254, 0.0, -0.01436122677717784], [0.0, -0.0, 1.0, 0.15502341916317067], [0.0, 0.0, 0.0, 1.0]], "object_grasp_point_base": [0.3226790146768985, -0.01436122677717784, 0.19502341916317067], "final_grasp_point_base": [0.3226790146768985, -0.01436122677717784, 0.19502341916317067], "applied_compensation": {"depth_bias_m": 0.0, "camera_point_bias_m": [0.0, 0.0, 0.0], "object_surface_to_grasp_center_m": 0.032, "object_center_axis": "camera_ray", "object_center_axis_base": [0.9542912363628577, -0.03193496056428736, -0.29716728368850714], "motion_approach_axis": "base_horizontal_radial", "motion_approach_axis_base": [0.9990110666201254, -0.04446221733696487, 0.0], "grasp_bias_approach_frame_m": [0.0, 0.0, 0.0], "grasp_height_offset_m": 0.04, "final_insertion_m": 0.0, "target_pixel_offset_px": [0.0, 0.0]}, "compensation_snapshot": {"depth_bias_m": 0.0, "camera_point_bias_m": [0.0, 0.0, 0.0], "object_surface_to_grasp_center_m": 0.032, "object_center_axis": "camera_ray", "object_center_axis_base": [0.9542912363628577, -0.03193496056428736, -0.29716728368850714], "motion_approach_axis": "base_horizontal_radial", "motion_approach_axis_base": [0.9990110666201254, -0.04446221733696487, 0.0], "grasp_bias_approach_frame_m": [0.0, 0.0, 0.0], "grasp_height_offset_m": 0.04, "final_insertion_m": 0.0, "target_pixel_offset_px": [0.0, 0.0]}, "depth_lock_candidate_index": 2, "depth_lock_frames_required": 2, "base_target_spread_m": 0.0, "base_target_spread_limit_m": 0.015}
{"wall_time": 1784868812.412234, "monotonic_time": 42934.109, "state": "DEPTH_LOCK", "iteration": 0, "track_id": 1, "detail": "initial acquisition: base target stability accepted", "depth_lock_frames": 2, "base_target_spread_m": 0.0, "base_target_spread_limit_m": 0.015}
{"wall_time": 1784868812.412234, "monotonic_time": 42934.109, "state": "PLAN_PREGRASP", "iteration": 0, "track_id": 1, "detail": "opening gripper independently"}
{"wall_time": 1784868812.412234, "monotonic_time": 42934.109, "state": "PLAN_PREGRASP", "iteration": 0, "track_id": 1, "motion_label": "OPEN", "command": "{#004P1500T2000!#005P1112T2000!}", "command_packed": true, "command_written": false, "simulated": true, "readback_pwms": [1500, 1909, 1900, 620, 1500, 1112], "readback_mismatch": {}, "motion_end_monotonic": 42934.109}
{"wall_time": 1784868812.415243, "monotonic_time": 42934.109, "state": "MOVE_PREGRASP", "iteration": 0, "track_id": 1, "detail": "executing only pregrasp"}
{"wall_time": 1784868812.415243, "monotonic_time": 42934.109, "state": "MOVE_PREGRASP", "iteration": 0, "track_id": 1, "planned_step_xyz": [0.23227227647390802, -0.011693493736959949, 0.07949335808453531], "planned_target_T_base_tcp": [[0.9990110666201253, 0.04446221733696488, 0.0, 0.262738350679691], [-0.04446221733696488, 0.9990110666201253, -0.0, -0.011693493736959949], [-0.0, 0.0, 0.9999999999999999, 0.19502341916317067], [0.0, 0.0, 0.0, 1.0]], "commanded_pwms": [1479, 1445, 2402, 1703, 1500, 1112], "ik_result": {"ok": true, "servo_pwms_000_003": [1479, 1445, 2402, 1703], "final_pitch_deg": 0.08187948279174861}}
{"wall_time": 1784868812.415243, "monotonic_time": 42934.109, "state": "MOVE_PREGRASP", "iteration": 0, "track_id": 1, "motion_label": "MOVE_PREGRASP", "command": "{#000P1479T5000!#001P1445T5000!#002P2402T5000!#003P1703T5000!#004P1500T5000!#005P1112T5000!}", "command_packed": true, "command_written": false, "simulated": true, "readback_pwms": [1479, 1445, 2402, 1703, 1500, 1112], "readback_mismatch": {}, "motion_end_monotonic": 42934.109}
{"wall_time": 1784868812.415243, "monotonic_time": 42934.109, "state": "REACQUIRE_AFTER_PREGRASP", "iteration": 0, "track_id": 1, "detail": "old target coordinates invalidated"}
{"wall_time": 1784868812.4172575, "monotonic_time": 42934.109, "state": "REACQUIRE_AFTER_PREGRASP", "iteration": 0, "track_id": 1, "frame_timestamp": 42934.115, "frame_monotonic": 42934.115, "frame_age_ms": -6.000000001222361, "bbox": {"x1": 300, "y1": 226, "x2": 340, "y2": 286, "score": 0.95, "cls": "bottle"}, "raw_pixel": [319.9703462977765, 256.27883342132105], "raw_depth": 0.24461199039230228, "pixel_grasp_point": [319.9703462977765, 256.27883342132105], "depth_observation": {"depth_m": 0.24461199039230228, "valid_count": 100, "valid_ratio": 1.0, "median_m": 0.24461199039230228, "mad_m": 0.0, "iqr_m": 0.0, "near_percentile_m": 0.24461199039230228, "roi": [300, 226, 340, 286], "quality_ok": true, "mode": "synthetic", "pixel_xy": [319.9703462977765, 256.27883342132105], "reason": "", "selected_count": 100, "observation_timestamp": 42934.115, "previous_depth_m": null, "depth_jump_m": null}, "actual_pwms_000_005": [1479, 1445, 2402, 1703, 1500, 1112], "missing_pwm_ids": [], "actual_joint_angles": [-2.577272727272727, 7.756503011935161, 113.66174570269521, 31.336369231838635], "T_base_wrist": [[0.9989874650600146, 0.04496672717146006, 0.0014276205565617857, 0.12788570828245802], [-0.04496668125524025, 0.9989884851425903, -6.426042444535171e-05, -0.005756424462335428], [-0.0014290660781320365, 0.0, 0.9999989788845507, 0.19484868249331694], [0.0, 0.0, 0.0, 1.0]], "T_wrist_camera": [[0.0, 0.0, 1.0, -0.08], [-1.0, 0.0, 0.0, 0.0], [0.0, -1.0, 0.0, 0.05], [0.0, 0.0, 0.0, 1.0]], "T_base_camera": [[-0.04496672717146006, -0.0014276205565617857, 0.9989874650600146, 0.04803809210548493], [-0.9989884851425903, 6.426042444535171e-05, -0.04496668125524025, -0.002162302983138476], [0.0, -0.9999989788845507, -0.0014290660781320365, 0.24496295672379503], [0.0, 0.0, 0.0, 1.0]], "T_wrist_tcp_active": [[1.0, 0.0, 0.0, 0.135], [0.0, 1.0, 0.0, 0.0], [0.0, 0.0, 1.0, 0.0], [0.0, 0.0, 0.0, 1.0]], "T_base_tcp_actual": [[0.9989874650600146, 0.04496672717146006, 0.0014276205565617857, 0.26274901606556], [-0.04496668125524025, 0.9989884851425903, -6.426042444535171e-05, -0.011826926431792862], [-0.0014290660781320365, 0.0, 0.9999989788845507, 0.19465575857276912], [0.0, 0.0, 0.0, 1.0]], "raw_point_camera": [-0.00014507302246795175, 0.07963995688908149, 0.24461199039230228], "corrected_point_camera": [-0.00014507302246795175, 0.07963995688908149, 0.24461199039230228], "raw_point_base_surface": [0.29229523213021835, -0.013011648409936205, 0.16497351445852992], "object_center_point": [0.3226790146768984, -0.014361226777177633, 0.15502341916317056], "local_approach_frame": [[0.9990110666201254, 0.044462217336964246, 0.0, 0.3226790146768984], [-0.044462217336964246, 0.9990110666201254, 0.0, -0.014361226777177633], [0.0, -0.0, 1.0, 0.15502341916317056], [0.0, 0.0, 0.0, 1.0]], "object_grasp_point_base": [0.3226790146768984, -0.014361226777177633, 0.19502341916317056], "final_grasp_point_base": [0.3226790146768984, -0.014361226777177633, 0.19502341916317056], "applied_compensation": {"depth_bias_m": 0.0, "camera_point_bias_m": [0.0, 0.0, 0.0], "object_surface_to_grasp_center_m": 0.032, "object_center_axis": "camera_ray", "object_center_axis_base": [0.9494932045837525, -0.04217432397629457, -0.31094047797998053], "motion_approach_axis": "base_horizontal_radial", "motion_approach_axis_base": [0.9990110666201253, -0.04446221733696424, 0.0], "grasp_bias_approach_frame_m": [0.0, 0.0, 0.0], "grasp_height_offset_m": 0.04, "final_insertion_m": 0.0, "target_pixel_offset_px": [0.0, 0.0]}, "compensation_snapshot": {"depth_bias_m": 0.0, "camera_point_bias_m": [0.0, 0.0, 0.0], "object_surface_to_grasp_center_m": 0.032, "object_center_axis": "camera_ray", "object_center_axis_base": [0.9494932045837525, -0.04217432397629457, -0.31094047797998053], "motion_approach_axis": "base_horizontal_radial", "motion_approach_axis_base": [0.9990110666201253, -0.04446221733696424, 0.0], "grasp_bias_approach_frame_m": [0.0, 0.0, 0.0], "grasp_height_offset_m": 0.04, "final_insertion_m": 0.0, "target_pixel_offset_px": [0.0, 0.0]}, "error_along_lateral_vertical": [0.05998341244800946, 0.00013282653208270147, 0.00036766059040144183], "reacquired_after_motion": true}
{"wall_time": 1784868812.4182396, "monotonic_time": 42934.109, "state": "FINE_APPROACH", "iteration": 0, "track_id": 1, "detail": "starting one-step feedback loop"}
{"wall_time": 1784868812.4182396, "monotonic_time": 42934.109, "state": "FINE_APPROACH", "iteration": 0, "track_id": 1, "frame_timestamp": 42934.115, "frame_monotonic": 42934.115, "frame_age_ms": -6.000000001222361, "bbox": {"x1": 300, "y1": 226, "x2": 340, "y2": 286, "score": 0.95, "cls": "bottle"}, "raw_pixel": [319.9703462977765, 256.27883342132105], "raw_depth": 0.24461199039230228, "pixel_grasp_point": [319.9703462977765, 256.27883342132105], "depth_observation": {"depth_m": 0.24461199039230228, "valid_count": 100, "valid_ratio": 1.0, "median_m": 0.24461199039230228, "mad_m": 0.0, "iqr_m": 0.0, "near_percentile_m": 0.24461199039230228, "roi": [300, 226, 340, 286], "quality_ok": true, "mode": "synthetic", "pixel_xy": [319.9703462977765, 256.27883342132105], "reason": "", "selected_count": 100, "observation_timestamp": 42934.115, "previous_depth_m": null, "depth_jump_m": null}, "actual_pwms_000_005": [1479, 1445, 2402, 1703, 1500, 1112], "missing_pwm_ids": [], "actual_joint_angles": [-2.577272727272727, 7.756503011935161, 113.66174570269521, 31.336369231838635], "T_base_wrist": [[0.9989874650600146, 0.04496672717146006, 0.0014276205565617857, 0.12788570828245802], [-0.04496668125524025, 0.9989884851425903, -6.426042444535171e-05, -0.005756424462335428], [-0.0014290660781320365, 0.0, 0.9999989788845507, 0.19484868249331694], [0.0, 0.0, 0.0, 1.0]], "T_wrist_camera": [[0.0, 0.0, 1.0, -0.08], [-1.0, 0.0, 0.0, 0.0], [0.0, -1.0, 0.0, 0.05], [0.0, 0.0, 0.0, 1.0]], "T_base_camera": [[-0.04496672717146006, -0.0014276205565617857, 0.9989874650600146, 0.04803809210548493], [-0.9989884851425903, 6.426042444535171e-05, -0.04496668125524025, -0.002162302983138476], [0.0, -0.9999989788845507, -0.0014290660781320365, 0.24496295672379503], [0.0, 0.0, 0.0, 1.0]], "T_wrist_tcp_active": [[1.0, 0.0, 0.0, 0.135], [0.0, 1.0, 0.0, 0.0], [0.0, 0.0, 1.0, 0.0], [0.0, 0.0, 0.0, 1.0]], "T_base_tcp_actual": [[0.9989874650600146, 0.04496672717146006, 0.0014276205565617857, 0.26274901606556], [-0.04496668125524025, 0.9989884851425903, -6.426042444535171e-05, -0.011826926431792862], [-0.0014290660781320365, 0.0, 0.9999989788845507, 0.19465575857276912], [0.0, 0.0, 0.0, 1.0]], "raw_point_camera": [-0.00014507302246795175, 0.07963995688908149, 0.24461199039230228], "corrected_point_camera": [-0.00014507302246795175, 0.07963995688908149, 0.24461199039230228], "raw_point_base_surface": [0.29229523213021835, -0.013011648409936205, 0.16497351445852992], "object_center_point": [0.3226790146768984, -0.014361226777177633, 0.15502341916317056], "local_approach_frame": [[0.9990110666201254, 0.044462217336964246, 0.0, 0.3226790146768984], [-0.044462217336964246, 0.9990110666201254, 0.0, -0.014361226777177633], [0.0, -0.0, 1.0, 0.15502341916317056], [0.0, 0.0, 0.0, 1.0]], "object_grasp_point_base": [0.3226790146768984, -0.014361226777177633, 0.19502341916317056], "final_grasp_point_base": [0.3226790146768984, -0.014361226777177633, 0.19502341916317056], "applied_compensation": {"depth_bias_m": 0.0, "camera_point_bias_m": [0.0, 0.0, 0.0], "object_surface_to_grasp_center_m": 0.032, "object_center_axis": "camera_ray", "object_center_axis_base": [0.9494932045837525, -0.04217432397629457, -0.31094047797998053], "motion_approach_axis": "base_horizontal_radial", "motion_approach_axis_base": [0.9990110666201253, -0.04446221733696424, 0.0], "grasp_bias_approach_frame_m": [0.0, 0.0, 0.0], "grasp_height_offset_m": 0.04, "final_insertion_m": 0.0, "target_pixel_offset_px": [0.0, 0.0]}, "compensation_snapshot": {"depth_bias_m": 0.0, "camera_point_bias_m": [0.0, 0.0, 0.0], "object_surface_to_grasp_center_m": 0.032, "object_center_axis": "camera_ray", "object_center_axis_base": [0.9494932045837525, -0.04217432397629457, -0.31094047797998053], "motion_approach_axis": "base_horizontal_radial", "motion_approach_axis_base": [0.9990110666201253, -0.04446221733696424, 0.0], "grasp_bias_approach_frame_m": [0.0, 0.0, 0.0], "grasp_height_offset_m": 0.04, "final_insertion_m": 0.0, "target_pixel_offset_px": [0.0, 0.0]}, "error_along_lateral_vertical": [0.05998341244800946, 0.00013282653208270147, 0.00036766059040144183], "final_align_candidate": false, "final_align_stable_count": 0}
{"wall_time": 1784868812.4192655, "monotonic_time": 42934.109, "state": "FINE_APPROACH", "iteration": 1, "track_id": 1, "planned_step_xyz": [0.00799275416762446, -0.0003360243434552407, 5.4483543636046905e-05], "planned_target_T_base_tcp": [[0.9989924175211504, 0.044879279575850826, 0.0, 0.27074177023318446], [-0.044879279575850826, 0.9989924175211504, -0.0, -0.012162950775248102], [-0.0, 0.0, 0.9999999999999999, 0.19471024211640517], [0.0, 0.0, 0.0, 1.0]], "commanded_pwms": [1479, 1422, 2368, 1697, 1500, 1112], "ik_result": {"ok": true, "servo_pwms_000_003": [1479, 1422, 2368, 1697], "final_pitch_deg": -0.03266123421697387}}
{"wall_time": 1784868812.420261, "monotonic_time": 42934.109, "state": "FINE_APPROACH", "iteration": 1, "track_id": 1, "motion_label": "FINE_APPROACH", "command": "{#000P1479T0450!#001P1422T0450!#002P2368T0450!#003P1697T0450!#004P1500T0450!#005P1112T0450!}", "command_packed": true, "command_written": false, "simulated": true, "readback_pwms": [1479, 1422, 2368, 1697, 1500, 1112], "readback_mismatch": {}, "motion_end_monotonic": 42934.109}
{"wall_time": 1784868812.4217691, "monotonic_time": 42934.109, "state": "FINE_APPROACH", "iteration": 1, "track_id": 1, "frame_timestamp": 42934.117, "frame_monotonic": 42934.117, "frame_age_ms": -8.000000001629815, "bbox": {"x1": 300, "y1": 227, "x2": 340, "y2": 287, "score": 0.95, "cls": "bottle"}, "raw_pixel": [319.96946411024396, 256.821024953973], "raw_depth": 0.2367643057664438, "pixel_grasp_point": [319.96946411024396, 256.821024953973], "depth_observation": {"depth_m": 0.2367643057664438, "valid_count": 100, "valid_ratio": 1.0, "median_m": 0.2367643057664438, "mad_m": 0.0, "iqr_m": 0.0, "near_percentile_m": 0.2367643057664438, "roi": [300, 227, 340, 287], "quality_ok": true, "mode": "synthetic", "pixel_xy": [319.96946411024396, 256.821024953973], "reason": "", "selected_count": 100, "observation_timestamp": 42934.117, "previous_depth_m": null, "depth_jump_m": null}, "actual_pwms_000_005": [1479, 1422, 2368, 1697, 1500, 1112], "missing_pwm_ids": [], "actual_joint_angles": [-2.577272727272727, 11.000131544198956, 109.37737834804817, 30.410171126464093], "T_base_wrist": [[0.9989883228306782, 0.04496672717146006, -0.0005694694339353494, 0.13574430227057163], [-0.044966719865434435, 0.9989884851425903, 2.5633104934739687e-05, -0.006110157520393993], [0.000570046043978241, 0.0, 0.9999998375237407, 0.1947726436578346], [0.0, 0.0, 0.0, 1.0]], "T_wrist_camera": [[0.0, 0.0, 1.0, -0.08], [-1.0, 0.0, 0.0, 0.0], [0.0, -1.0, 0.0, 0.05], [0.0, 0.0, 0.0, 1.0]], "T_base_camera": [[-0.04496672717146006, 0.0005694694339353494, 0.9989883228306782, 0.055796762972420616], [-0.9989884851425903, -2.5633104934739687e-05, -0.044966719865434435, -0.0025115382759125014], [0.0, -0.9999998375237407, 0.000570046043978241, 0.24472703185050337], [0.0, 0.0, 0.0, 1.0]], "T_wrist_tcp_active": [[1.0, 0.0, 0.0, 0.135], [0.0, 1.0, 0.0, 0.0], [0.0, 0.0, 1.0, 0.0], [0.0, 0.0, 0.0, 1.0]], "T_base_tcp_actual": [[0.9989883228306782, 0.04496672717146006, -0.0005694694339353494, 0.2706077258527132], [-0.044966719865434435, 0.9989884851425903, 2.5633104934739687e-05, -0.012180664702227641], [0.000570046043978241, 0.0, 0.9999998375237407, 0.19484959987377165], [0.0, 0.0, 0.0, 1.0]], "raw_point_camera": [-0.00014459617478098077, 0.07965236591014886, 0.2367643057664438], "corrected_point_camera": [-0.00014459617478098077, 0.07965236591014886, 0.2367643057664438], "raw_point_base_surface": [0.29237340130067807, -0.013015644311298053, 0.1652096454378304], "object_center_point": [0.32267901467689847, -0.014361226777177546, 0.15502341916317058], "local_approach_frame": [[0.9990110666201254, 0.04446221733696397, 0.0, 0.32267901467689847], [-0.04446221733696397, 0.9990110666201254, 0.0, -0.014361226777177546], [0.0, -0.0, 1.0, 0.15502341916317058], [0.0, 0.0, 0.0, 1.0]], "object_grasp_point_base": [0.32267901467689847, -0.014361226777177546, 0.1950234191631706], "final_grasp_point_base": [0.32267901467689847, -0.014361226777177546, 0.1950234191631706], "applied_compensation": {"depth_bias_m": 0.0, "camera_point_bias_m": [0.0, 0.0, 0.0], "object_surface_to_grasp_center_m": 0.032, "object_center_axis": "camera_ray", "object_center_axis_base": [0.9470504180068869, -0.04204945205873415, -0.3183195710831191], "motion_approach_axis": "base_horizontal_radial", "motion_approach_axis_base": [0.9990110666201254, -0.04446221733696397, 0.0], "grasp_bias_approach_frame_m": [0.0, 0.0, 0.0], "grasp_height_offset_m": 0.04, "final_insertion_m": 0.0, "target_pixel_offset_px": [0.0, 0.0]}, "compensation_snapshot": {"depth_bias_m": 0.0, "camera_point_bias_m": [0.0, 0.0, 0.0], "object_surface_to_grasp_center_m": 0.032, "object_center_axis": "camera_ray", "object_center_axis_base": [0.9470504180068869, -0.04204945205873415, -0.3183195710831191], "motion_approach_axis": "base_horizontal_radial", "motion_approach_axis_base": [0.9990110666201254, -0.04446221733696397, 0.0], "grasp_bias_approach_frame_m": [0.0, 0.0, 0.0], "grasp_height_offset_m": 0.04, "final_insertion_m": 0.0, "target_pixel_offset_px": [0.0, 0.0]}, "error_along_lateral_vertical": [0.052116746413427104, 0.00013679931638965048, 0.00017381928939894098], "final_align_candidate": false, "final_align_stable_count": 0}
{"wall_time": 1784868812.4232852, "monotonic_time": 42934.109, "state": "FINE_APPROACH", "iteration": 2, "track_id": 1, "planned_step_xyz": [0.00799305172210052, -0.000331986431176063, 3.0152567740859837e-05], "planned_target_T_base_tcp": [[0.998992957931493, 0.044867248670787105, 0.0, 0.2786007775748137], [-0.044867248670787105, 0.998992957931493, -0.0, -0.012512651133403704], [-0.0, 0.0, 1.0, 0.1948797524415125], [0.0, 0.0, 0.0, 1.0]], "commanded_pwms": [1479, 1399, 2329, 1686, 1500, 1112], "ik_result": {"ok": true, "servo_pwms_000_003": [1479, 1399, 2329, 1686], "final_pitch_deg": -0.005424219489114535}}
{"wall_time": 1784868812.4232852, "monotonic_time": 42934.109, "state": "FINE_APPROACH", "iteration": 2, "track_id": 1, "motion_label": "FINE_APPROACH", "command": "{#000P1479T0450!#001P1399T0450!#002P2329T0450!#003P1686T0450!#004P1500T0450!#005P1112T0450!}", "command_packed": true, "command_written": false, "simulated": true, "readback_pwms": [1479, 1399, 2329, 1686, 1500, 1112], "readback_mismatch": {}, "motion_end_monotonic": 42934.109}
{"wall_time": 1784868812.4262857, "monotonic_time": 42934.125, "state": "FINE_APPROACH", "iteration": 2, "track_id": 1, "frame_timestamp": 42934.127, "frame_monotonic": 42934.127, "frame_age_ms": -2.0000000004074536, "bbox": {"x1": 300, "y1": 227, "x2": 340, "y2": 287, "score": 0.95, "cls": "bottle"}, "raw_pixel": [319.9685095454844, 257.3324057622632], "raw_depth": 0.2287626593856858, "pixel_grasp_point": [319.9685095454844, 257.3324057622632], "depth_observation": {"depth_m": 0.2287626593856858, "valid_count": 100, "valid_ratio": 1.0, "median_m": 0.2287626593856858, "mad_m": 0.0, "iqr_m": 0.0, "near_percentile_m": 0.2287626593856858, "roi": [300, 227, 340, 287], "quality_ok": true, "mode": "synthetic", "pixel_xy": [319.9685095454844, 257.3324057622632], "reason": "", "selected_count": 100, "observation_timestamp": 42934.127, "previous_depth_m": null, "depth_jump_m": null}, "actual_pwms_000_005": [1479, 1399, 2329, 1686, 1500, 1112], "missing_pwm_ids": [], "actual_joint_angles": [-2.577272727272727, 14.243760076462749, 104.46295697065891, 28.712141266610768], "T_base_wrist": [[0.9989884806658723, 0.04496672717146006, -9.457472868799966e-05, 0.14385139102218705], [-0.044966726969952873, 0.9989884851425903, 4.257022063293479e-06, -0.006475075888794075], [9.467048929447927e-05, 0.0, 0.9999999955187491, 0.19478749822367208], [0.0, 0.0, 0.0, 1.0]], "T_wrist_camera": [[0.0, 0.0, 1.0, -0.08], [-1.0, 0.0, 0.0, 0.0], [0.0, -1.0, 0.0, 0.05], [0.0, 0.0, 0.0, 1.0]], "T_base_camera": [[-0.04496672717146006, 9.457472868799966e-05, 0.9989884806658723, 0.06392758383248287], [-0.9989884851425903, -4.257022063293479e-06, -0.044966726969952873, -0.0028775248800946805], [0.0, -0.9999999955187491, 9.467048929447927e-05, 0.24477992436046597], [0.0, 0.0, 0.0, 1.0]], "T_wrist_tcp_active": [[1.0, 0.0, 0.0, 0.135], [0.0, 1.0, 0.0, 0.0], [0.0, 0.0, 1.0, 0.0], [0.0, 0.0, 0.0, 1.0]], "T_base_tcp_actual": [[0.9989884806658723, 0.04496672717146006, -9.457472868799966e-05, 0.2787148359120798], [-0.044966726969952873, 0.9989884851425903, 4.257022063293479e-06, -0.012545584029737714], [9.467048929447927e-05, 0.0, 0.9999999955187491, 0.19480027873972683], [0.0, 0.0, 0.0, 1.0]], "raw_point_camera": [-0.00014407680240514237, 0.07930014471454225, 0.2287626593856858], "corrected_point_camera": [-0.00014407680240514237, 0.07930014471454225, 0.2287626593856858], "raw_point_base_surface": [0.29247282381721035, -0.013020639441497912, 0.1655014370741839], "object_center_point": [0.3226790146768984, -0.014361226777177714, 0.1550234191631707], "local_approach_frame": [[0.9990110666201254, 0.0444622173369645, 0.0, 0.3226790146768984], [-0.0444622173369645, 0.9990110666201254, 0.0, -0.014361226777177714], [0.0, -0.0, 1.0, 0.1550234191631707], [0.0, 0.0, 0.0, 1.0]], "object_grasp_point_base": [0.3226790146768984, -0.014361226777177714, 0.1950234191631707], "final_grasp_point_base": [0.3226790146768984, -0.014361226777177714, 0.1950234191631707], "applied_compensation": {"depth_bias_m": 0.0, "camera_point_bias_m": [0.0, 0.0, 0.0], "object_surface_to_grasp_center_m": 0.032, "object_center_axis": "camera_ray", "object_center_axis_base": [0.9439434643652513, -0.04189335423999383, -0.32743805971916284], "motion_approach_axis": "base_horizontal_radial", "motion_approach_axis_base": [0.9990110666201253, -0.044462217336964496, 0.0], "grasp_bias_approach_frame_m": [0.0, 0.0, 0.0], "grasp_height_offset_m": 0.04, "final_insertion_m": 0.0, "target_pixel_offset_px": [0.0, 0.0]}, "compensation_snapshot": {"depth_bias_m": 0.0, "camera_point_bias_m": [0.0, 0.0, 0.0], "object_surface_to_grasp_center_m": 0.032, "object_center_axis": "camera_ray", "object_center_axis_base": [0.9439434643652513, -0.04189335423999383, -0.32743805971916284], "motion_approach_axis": "base_horizontal_radial", "motion_approach_axis_base": [0.9990110666201253, -0.044462217336964496, 0.0], "grasp_bias_approach_frame_m": [0.0, 0.0, 0.0], "grasp_height_offset_m": 0.04, "final_insertion_m": 0.0, "target_pixel_offset_px": [0.0, 0.0]}, "error_along_lateral_vertical": [0.044001428623362274, 0.00014089767356139575, 0.00022314042344387386], "final_align_candidate": false, "final_align_stable_count": 0}
{"wall_time": 1784868812.4292855, "monotonic_time": 42934.125, "state": "FINE_APPROACH", "iteration": 3, "track_id": 1, "planned_step_xyz": [0.007993214612699584, -0.0003260576568552484, 4.697403252867938e-05], "planned_target_T_base_tcp": [[0.9989937585126052, 0.04484941976055776, 0.0, 0.2867080505247794], [-0.04484941976055776, 0.9989937585126052, -0.0, -0.012871641686592963], [-0.0, 0.0, 1.0, 0.1948472527722555], [0.0, 0.0, 0.0, 1.0]], "commanded_pwms": [1479, 1376, 2288, 1673, 1500, 1112], "ik_result": {"ok": true, "servo_pwms_000_003": [1479, 1376, 2288, 1673], "final_pitch_deg": 0.07852388793337184}}
{"wall_time": 1784868812.4292855, "monotonic_time": 42934.125, "state": "FINE_APPROACH", "iteration": 3, "track_id": 1, "motion_label": "FINE_APPROACH", "command": "{#000P1479T0450!#001P1376T0450!#002P2288T0450!#003P1673T0450!#004P1500T0450!#005P1112T0450!}", "command_packed": true, "command_written": false, "simulated": true, "readback_pwms": [1479, 1376, 2288, 1673, 1500, 1112], "readback_mismatch": {}, "motion_end_monotonic": 42934.125}
{"wall_time": 1784868812.4302847, "monotonic_time": 42934.125, "state": "FINE_APPROACH", "iteration": 3, "track_id": 1, "frame_timestamp": 42934.129, "frame_monotonic": 42934.129, "frame_age_ms": -4.000000000814907, "bbox": {"x1": 300, "y1": 228, "x2": 340, "y2": 288, "score": 0.95, "cls": "bottle"}, "raw_pixel": [319.9675012212867, 257.8051016028802], "raw_depth": 0.22081612978230114, "pixel_grasp_point": [319.9675012212867, 257.8051016028802], "depth_observation": {"depth_m": 0.22081612978230114, "valid_count": 100, "valid_ratio": 1.0, "median_m": 0.22081612978230114, "mad_m": 0.0, "iqr_m": 0.0, "near_percentile_m": 0.22081612978230114, "roi": [300, 228, 340, 288], "quality_ok": true, "mode": "synthetic", "pixel_xy": [319.9675012212867, 257.8051016028802], "reason": "", "selected_count": 100, "observation_timestamp": 42934.129, "previous_depth_m": null, "depth_jump_m": null}, "actual_pwms_000_005": [1479, 1376, 2288, 1673, 1500, 1112], "missing_pwm_ids": [], "actual_joint_angles": [-2.577272727272727, 17.487388608726544, 99.29651398417276, 26.70537870496593], "T_base_wrist": [[0.998987546957033, 0.04496672717146006, 0.0013691136758073733, 0.151936879135102], [-0.04496668494160994, 0.9989884851425903, -6.162689764933333e-05, -0.006839021963677645], [-0.0013704999568758325, 0.0, 0.9999990608644931, 0.19462568894444016], [0.0, 0.0, 0.0, 1.0]], "T_wrist_camera": [[0.0, 0.0, 1.0, -0.08], [-1.0, 0.0, 0.0, 0.0], [0.0, -1.0, 0.0, 0.05], [0.0, 0.0, 0.0, 1.0]], "T_base_camera": [[-0.04496672717146006, -0.0013691136758073733, 0.998987546957033, 0.07208633106232974], [-0.9989884851425903, 6.162689764933333e-05, -0.04496668494160994, -0.0032447685132313163], [0.0, -0.9999990608644931, -0.0013704999568758325, 0.24473528198421488], [0.0, 0.0, 0.0, 1.0]], "T_wrist_tcp_active": [[1.0, 0.0, 0.0, 0.135], [0.0, 1.0, 0.0, 0.0], [0.0, 0.0, 1.0, 0.0], [0.0, 0.0, 0.0, 1.0]], "T_base_tcp_actual": [[0.998987546957033, 0.04496672717146006, 0.0013691136758073733, 0.28680019797430145], [-0.04496668494160994, 0.9989884851425903, -6.162689764933333e-05, -0.012909524430794989], [-0.0013704999568758325, 0.0, 0.9999990608644931, 0.19444067145026192], [0.0, 0.0, 0.0, 1.0]], "raw_point_camera": [-0.0001435250907625271, 0.07863307252657305, 0.22081612978230114], "corrected_point_camera": [-0.0001435250907625271, 0.07863307252657305, 0.22081612978230114], "raw_point_base_surface": [0.2925776911207283, -0.013025912025864447, 0.16579965480840814], "object_center_point": [0.3226790146768984, -0.014361226777177712, 0.1550234191631708], "local_approach_frame": [[0.9990110666201254, 0.044462217336964496, 0.0, 0.3226790146768984], [-0.044462217336964496, 0.9990110666201254, 0.0, -0.014361226777177712], [0.0, -0.0, 1.0, 0.1550234191631708], [0.0, 0.0, 0.0, 1.0]], "object_grasp_point_base": [0.3226790146768984, -0.014361226777177712, 0.1950234191631708], "final_grasp_point_base": [0.3226790146768984, -0.014361226777177712, 0.1950234191631708], "applied_compensation": {"depth_bias_m": 0.0, "camera_point_bias_m": [0.0, 0.0, 0.0], "object_surface_to_grasp_center_m": 0.032, "object_center_axis": "camera_ray", "object_center_axis_base": [0.9406663611303159, -0.04172858597853954, -0.33675736391366656], "motion_approach_axis": "base_horizontal_radial", "motion_approach_axis_base": [0.9990110666201253, -0.04446221733696449, 0.0], "grasp_bias_approach_frame_m": [0.0, 0.0, 0.0], "grasp_height_offset_m": 0.04, "final_insertion_m": 0.0, "target_pixel_offset_px": [0.0, 0.0]}, "compensation_snapshot": {"depth_bias_m": 0.0, "camera_point_bias_m": [0.0, 0.0, 0.0], "object_surface_to_grasp_center_m": 0.032, "object_center_axis": "camera_ray", "object_center_axis_base": [0.9406663611303159, -0.04172858597853954, -0.33675736391366656], "motion_approach_axis": "base_horizontal_radial", "motion_approach_axis_base": [0.9990110666201253, -0.04446221733696449, 0.0], "grasp_bias_approach_frame_m": [0.0, 0.0, 0.0], "grasp_height_offset_m": 0.04, "final_insertion_m": 0.0, "target_pixel_offset_px": [0.0, 0.0]}, "error_along_lateral_vertical": [0.03590788084836281, 0.00014498503654923424, 0.0005827477129088932], "final_align_candidate": false, "final_align_stable_count": 0}
{"wall_time": 1784868812.4327097, "monotonic_time": 42934.125, "state": "FINE_APPROACH", "iteration": 4, "track_id": 1, "planned_step_xyz": [0.007992201966132706, -0.0003168904583811562, 0.00015584662309933717], "planned_target_T_base_tcp": [[0.9989949986661016, 0.04482178756046518, 0.0, 0.29479239994043416], [-0.04482178756046518, 0.9989949986661016, -0.0, -0.013226414889176145], [-0.0, 0.0, 0.9999999999999999, 0.19459651807336126], [0.0, 0.0, 0.0, 1.0]], "commanded_pwms": [1479, 1353, 2245, 1659, 1500, 1112], "ik_result": {"ok": true, "servo_pwms_000_003": [1479, 1353, 2245, 1659], "final_pitch_deg": 0.06481673715474302}}
{"wall_time": 1784868812.4327097, "monotonic_time": 42934.125, "state": "FINE_APPROACH", "iteration": 4, "track_id": 1, "motion_label": "FINE_APPROACH", "command": "{#000P1479T0450!#001P1353T0450!#002P2245T0450!#003P1659T0450!#004P1500T0450!#005P1112T0450!}", "command_packed": true, "command_written": false, "simulated": true, "readback_pwms": [1479, 1353, 2245, 1659, 1500, 1112], "readback_mismatch": {}, "motion_end_monotonic": 42934.125}
